           530
           1  0.000000000000000E+000
           2  1.351200044155121E-002
           3  2.702418345726702E-002
           4  4.053691420534445E-002
           5  5.405055788838700E-002
           6  6.756547979288502E-002
           7  8.108204532871270E-002
           8  9.460062006865086E-002
           9  0.108121569787945     
          10  0.121645260503904     
          11  0.135172058515562     
          12  0.148702330443384     
          13  0.162236443269065     
          14  0.175774764375391     
          15  0.189317661586201     
          16  0.202865503206443     
          17  0.216418658062340     
          18  0.229977495541673     
          19  0.243542385634192     
          20  0.257113698972161     
          21  0.270691806871051     
          22  0.284277081370390     
          23  0.297869895274772     
          24  0.311470622195048     
          25  0.325079636589698     
          26  0.338697313806394     
          27  0.352324030123774     
          28  0.365960162793423     
          29  0.379606090082088     
          30  0.393262191314111     
          31  0.406928846914125     
          32  0.420606438449992     
          33  0.434295348676012     
          34  0.447995961576403     
          35  0.461708662409076     
          36  0.475433837749696     
          37  0.489171875536061     
          38  0.502923165112793     
          39  0.516688097276365     
          40  0.530467064320463     
          41  0.544260460081709     
          42  0.558068679985738     
          43  0.571892121093663     
          44  0.585731182148918     
          45  0.599586263624506     
          46  0.613457767770660     
          47  0.627346098662924     
          48  0.641251662250676     
          49  0.655174866406098     
          50  0.669116120973608     
          51  0.683075837819771     
          52  0.697054430883697     
          53  0.711052316227941     
          54  0.725069912089920     
          55  0.739107638933860     
          56  0.753165919503289     
          57  0.767245178874084     
          58  0.781345844508101     
          59  0.795468346307380     
          60  0.809613116668963     
          61  0.823780590540330     
          62  0.837971205475465     
          63  0.852185401691574     
          64  0.866423622126475     
          65  0.880686312496661     
          66  0.894973921356071     
          67  0.909286900155574     
          68  0.923625703303191     
          69  0.937990788225063     
          70  0.952382615427199     
          71  0.966801648558000     
          72  0.981248354471602     
          73  0.995723203292039     
          74   1.01022666847826     
          75   1.02475922688999     
          76   1.03932135885451     
          77   1.05391354823434     
          78   1.06853628249580     
          79   1.08319005277859     
          80   1.09787535396631     
          81   1.11259268475796     
          82   1.12734254774048     
          83   1.14212544946234     
          84   1.15694190050816     
          85   1.17179241557444     
          86   1.18667751354641     
          87   1.20159771757600     
          88   1.21655355516102     
          89   1.23154555822544     
          90   1.24657426320102     
          91   1.26164021111005     
          92   1.27674394764950     
          93   1.29188602327633     
          94   1.30706699329429     
          95   1.32228741794195     
          96   1.33754786248219     
          97   1.35284889729315     
          98   1.36819109796054     
          99   1.38357504537154     
         100   1.39900132581019     
         101   1.41447053105432     
         102   1.42998325847412     
         103   1.44554011113231     
         104   1.46114169788601     
         105   1.47678863349026     
         106   1.49248153870341     
         107   1.50822104039413     
         108   1.52400777165041     
         109   1.53984237189033     
         110   1.55572548697478     
         111   1.57165776932211     
         112   1.58763987802485     
         113   1.60367247896842     
         114   1.61975624495193     
         115   1.63589185581115     
         116   1.65207999854372     
         117   1.66832136743650     
         118   1.68461666419530     
         119   1.70096659807693     
         120   1.71737188602367     
         121   1.73383325280022     
         122   1.75035143113307     
         123   1.76692716185261     
         124   1.78356119403774     
         125   1.80025428516327     
         126   1.81700720125000     
         127   1.83382071701776     
         128   1.85069561604120     
         129   1.86763269090867     
         130   1.88463274338405     
         131   1.90169658457174     
         132   1.91882503508483     
         133   1.93601892521653     
         134   1.95327909511491     
         135   1.97060639496109     
         136   1.98800168515095     
         137   2.00546583648038     
         138   2.02299973033425     
         139   2.04060425887912     
         140   2.05828032525981     
         141   2.07602884379993     
         142   2.09385074020648     
         143   2.11174695177854     
         144   2.12971842762025     
         145   2.14776612885818     
         146   2.16589102886310     
         147   2.18409411347638     
         148   2.20237638124102     
         149   2.22073884363761     
         150   2.23918252532504     
         151   2.25770846438646     
         152   2.27631771258028     
         153   2.29501133559656     
         154   2.31379041331880     
         155   2.33265604009140     
         156   2.35160932499277     
         157   2.37065139211438     
         158   2.38978338084580     
         159   2.40900644616598     
         160   2.42832175894084     
         161   2.44773050622742     
         162   2.46723389158466     
         163   2.48683313539112     
         164   2.50652947516970     
         165   2.52632416591955     
         166   2.54621848045556     
         167   2.56621370975526     
         168   2.58631116331374     
         169   2.60651216950648     
         170   2.62681807596051     
         171   2.64723024993400     
         172   2.66775007870457     
         173   2.68837896996658     
         174   2.70911835223757     
         175   2.72996967527415     
         176   2.75093441049761     
         177   2.77201405142946     
         178   2.79321011413731     
         179   2.81452413769115     
         180   2.83595768463060     
         181   2.85751234144318     
         182   2.87918971905406     
         183   2.90099145332766     
         184   2.92291920558122     
         185   2.94497466311092     
         186   2.96715953973077     
         187   2.98947557632471     
         188   3.01192454141219     
         189   3.03450823172778     
         190   3.05722847281512     
         191   3.08008711963561     
         192   3.10308605719231     
         193   3.12622720116956     
         194   3.14951249858865     
         195   3.17294392848012     
         196   3.19652350257313     
         197   3.22025326600250     
         198   3.24413529803380     
         199   3.26817171280719     
         200   3.29236466010045     
         201   3.31671632611194     
         202   3.34122893426388     
         203   3.36590474602685     
         204   3.39074606176584     
         205   3.41575522160886     
         206   3.44093460633853     
         207   3.46628663830755     
         208   3.49181378237870     
         209   3.51751854689019     
         210   3.54340348464714     
         211   3.56947119394006     
         212   3.59572431959115     
         213   3.62216555402931     
         214   3.64879763839483     
         215   3.67562336367470     
         216   3.70264557186954     
         217   3.72986715719315     
         218   3.75729106730579     
         219   3.78492030458233     
         220   3.81275792741635     
         221   3.84080705156145     
         222   3.86907085151100     
         223   3.89755256191759     
         224   3.92625547905358     
         225   3.95518296231413     
         226   3.98433843576408     
         227   4.01372538973036     
         228   4.04334738244126     
         229   4.07320804171443     
         230   4.10331106669510     
         231   4.13366022964643     
         232   4.16425937779374     
         233   4.19511243522449     
         234   4.22622340484612     
         235   4.25759637040369     
         236   4.28923549855951     
         237   4.32114504103700     
         238   4.35332933683112     
         239   4.38579281448773     
         240   4.41853999445452     
         241   4.45157549150598     
         242   4.48490401724534     
         243   4.51853038268618     
         244   4.55245950091675     
         245   4.58669638985016     
         246   4.62124617506362     
         247   4.65611409273006     
         248   4.69130549264585     
         249   4.72682584135807     
         250   4.76268072539538     
         251   4.79887585460638     
         252   4.83541706560968     
         253   4.87231032536017     
         254   4.90956173483590     
         255   4.94717753285048     
         256   4.98516409999605     
         257   5.02352796272189     
         258   5.06227579755433     
         259   5.10141443546359     
         260   5.14095086638359     
         261   5.18089224389104     
         262   5.22124589005031     
         263   5.26201930043107     
         264   5.30322014930588     
         265   5.34485629503526     
         266   5.38693578564828     
         267   5.42946686462686     
         268   5.47245797690267     
         269   5.51591777507563     
         270   5.55985512586371     
         271   5.60427911679409     
         272   5.64919906314637     
         273   5.69462451515879     
         274   5.74056526550927     
         275   5.78703135708363     
         276   5.83403309104372     
         277   5.88158103520929     
         278   5.92968603276765     
         279   5.97835921132647     
         280   6.02761199232527     
         281   6.07745610082253     
         282   6.12790357567584     
         283   6.17896678013376     
         284   6.23065841285874     
         285   6.28299151940193     
         286   6.33597950415136     
         287   6.38963614277671     
         288   6.44397559519454     
         289   6.49901241907987     
         290   6.55476158395094     
         291   6.61123848585565     
         292   6.66845896269010     
         293   6.72643931018087     
         294   6.78519629856499     
         295   6.84474719000333     
         296   6.90510975676522     
         297   6.96630230022445     
         298   7.02834367070913     
         299   7.09125328825054     
         300   7.15505116427867     
         301   7.21975792431529     
         302   7.28539483171835     
         303   7.35198381253495     
         304   7.41954748152360     
         305   7.48810916941045     
         306   7.55769295144828     
         307   7.62832367735119     
         308   7.70002700268312     
         309   7.77282942178286     
         310   7.84675830231420     
         311   7.92184192153518     
         312   7.99810950438725     
         313   8.07559126351137     
         314   8.15431844130578     
         315   8.23432335414780     
         316   8.31563943891053     
         317   8.39830130191449     
         318   8.48234477046385     
         319   8.56780694712786     
         320   8.65472626693933     
         321   8.74314255769429     
         322   8.83309710355083     
         323   8.92463271213906     
         324   9.01779378541032     
         325   9.11262639447058     
         326   9.20917835866152     
         327   9.30749932917292     
         328   9.40764087749171     
         329   9.50965658901682     
         330   9.61360216219476     
         331   9.71953551355905     
         332   9.82751688908699     
         333   9.93760898232114     
         334   10.0498770597389     
         335   10.1643890938935     
         336   10.2812159048943     
         337   10.4004313108396     
         338   10.5221122878704     
         339   10.6463391405691     
         340   10.7731956834903     
         341   10.9027694346792     
         342   11.0351518221126     
         343   11.1704384040752     
         344   11.3087291045827     
         345   11.4501284650594     
         346   11.5947459135945     
         347   11.7426960532223     
         348   11.8940989708117     
         349   12.0490805683002     
         350   12.2077729181788     
         351   12.3703146453207     
         352   12.5368513374548     
         353   12.7075359868191     
         354   12.8825294657869     
         355   13.0620010395479     
         356   13.2461289192505     
         357   13.4351008593713     
         358   13.6291148034877     
         359   13.8283795830787     
         360   14.0331156744966     
         361   14.2435560198256     
         362   14.4599469179933     
         363   14.6825489932373     
         364   14.9116382488570     
         365   15.1475072151247     
         366   15.3904662012967     
         367   15.6408446628820     
         368   15.8989926967116     
         369   16.1652826779295     
         370   16.4401110548403     
         371   16.7239003196148     
         372   17.0171011752413     
         373   17.3201949218456     
         374   17.6336960886666     
         375   17.9581553416248     
         376   18.2941627006580     
         377   18.6423511059140     
         378   19.0034003776188     
         379   19.3780416211252     
         380   19.7670621364725     
         381   20.1713109009802     
         382   20.5755596654879     
         383   20.9798084299956     
         384   21.3840571945034     
         385   21.7883059590111     
         386   22.1925547235188     
         387   22.5968034880265     
         388   23.0010522525342     
         389   23.4053010170419     
         390   23.8095497815497     
         391   24.2137985460574     
         392   24.6180473105651     
         393   25.0222960750728     
         394   25.4265448395805     
         395   25.8307936040882     
         396   26.2350423685960     
         397   26.6392911331037     
         398   27.0435398976114     
         399   27.4477886621191     
         400   27.8520374266268     
         401   28.2562861911345     
         402   28.6605349556423     
         403   29.0647837201500     
         404   29.4690324846577     
         405   29.8732812491654     
         406   30.2775300136731     
         407   30.6817787781808     
         408   31.0860275426885     
         409   31.4902763071962     
         410   31.8945250717039     
         411   32.2987738362116     
         412   32.7030226007193     
         413   33.1072713652270     
         414   33.5115201297347     
         415   33.9157688942424     
         416   34.3200176587501     
         417   34.7242664232578     
         418   35.1285151877655     
         419   35.5327639522732     
         420   35.9370127167809     
         421   36.3412614812886     
         422   36.7455102457963     
         423   37.1497590103040     
         424   37.5540077748117     
         425   37.9582565393194     
         426   38.3625053038271     
         427   38.7667540683348     
         428   39.1710028328425     
         429   39.5752515973502     
         430   39.9795003618579     
         431   40.3837491263656     
         432   40.7879978908733     
         433   41.1922466553810     
         434   41.5964954198887     
         435   42.0007441843964     
         436   42.4049929489041     
         437   42.8092417134118     
         438   43.2134904779195     
         439   43.6177392424272     
         440   44.0219880069349     
         441   44.4262367714426     
         442   44.8304855359503     
         443   45.2347343004580     
         444   45.6389830649657     
         445   46.0432318294734     
         446   46.4474805939811     
         447   46.8517293584888     
         448   47.2559781229965     
         449   47.6602268875042     
         450   48.0644756520119     
         451   48.4687244165195     
         452   48.8729731810272     
         453   49.2772219455349     
         454   49.6814707100426     
         455   50.0857194745503     
         456   50.4899682390580     
         457   50.8942170035657     
         458   51.2984657680734     
         459   51.7027145325811     
         460   52.1069632970888     
         461   52.5112120615965     
         462   52.9154608261042     
         463   53.3197095906119     
         464   53.7239583551196     
         465   54.1282071196273     
         466   54.5324558841350     
         467   54.9367046486427     
         468   55.3409534131504     
         469   55.7452021776581     
         470   56.1494509421658     
         471   56.5536997066735     
         472   56.9579484711812     
         473   57.3621972356889     
         474   57.7664460001966     
         475   58.1706947647043     
         476   58.5749435292120     
         477   58.9791922937197     
         478   59.3834410582274     
         479   59.7876898227351     
         480   60.1919385872428     
         481   60.5961873517505     
         482   61.0004361162582     
         483   61.4046848807659     
         484   61.8089336452736     
         485   62.2131824097813     
         486   62.6174311742890     
         487   63.0216799387967     
         488   63.4259287033044     
         489   63.8301774678121     
         490   64.2344262323198     
         491   64.6386749968275     
         492   65.0429237613352     
         493   65.4471725258429     
         494   65.8514212903506     
         495   66.2556700548583     
         496   66.6599188193660     
         497   67.0641675838737     
         498   67.4684163483814     
         499   67.8726651128891     
         500   68.2769138773968     
         501   68.6811626419045     
         502   69.0854114064122     
         503   69.4896601709199     
         504   69.8939089354276     
         505   70.2981576999353     
         506   70.7024064644430     
         507   71.1066552289507     
         508   71.5109039934584     
         509   71.9151527579661     
         510   72.3194015224738     
         511   72.7236502869815     
         512   73.1278990514892     
         513   73.5321478159969     
         514   73.9363965805046     
         515   74.3406453450123     
         516   74.7448941095200     
         517   75.1491428740277     
         518   75.5533916385354     
         519   75.9576404030431     
         520   76.3618891675508     
         521   76.7661379320585     
         522   77.1703866965662     
         523   77.5746354610739     
         524   77.9788842255816     
         525   78.3831329900893     
         526   78.7873817545970     
         527   79.1916305191047     
         528   79.5958792836124     
         529   80.0001280481201     
         530   80.4043768126278 
